SDBB9L   2.8331648236258506   8.026822917830897  1.5556418905191514  0.10701675865063254
SDBB9U   2.8333693050022584   8.027981618528981  1.5393228082312618  0.10688785331464601
SDKC7U   2.8158129670024583   7.928802665139187  1.5363848784036618  0.11792150189245587
SDKC7L   2.8075920101499046   7.8825728954575816  1.5433403710901057  0.12306455911443714
ROC14   2.846760988183264   8.104048123842153  1.5727940702135357  0.09842546225805715
ROC9   2.8876838365827275   8.33871794006114  1.601062459135986  0.07231846883372473
ATR5   2.9857805340603916   8.914885397573958  1.642179901283079  0.008219897202490056
ATR2   2.989253758135789   8.935638030528938  1.6458035790445502  0.0059111688759306835
RSI14   2.636496485666848   6.951113718933639  1.4616887087180226  0.22668929870963095
RSI14Avg   2.77928694869396   7.724435943180584  1.5357459510781943  0.14065727913168435
RSIH14   2.705285883401786   7.318571710932981  1.5135319496170971  0.18580963410081297
RSIL14   2.710929288934019   7.349137609600306  1.5088530745825168  0.18240918095190006
RSI9   2.592485718173096   6.720982198931473  1.4410565574975662  0.25229140713682496
RSI9Avg   2.6525636359915827   7.036093842984886  1.4843790029677557  0.2172352684659865
RSIH9   2.687120247056031   7.2206152221384645  1.5094017167794838  0.19670728361549394
RSIL9   2.690815337474219   7.240487180386495  1.4874520648629446  0.19449653026140334
STOK721   2.8038502559439666   7.861576257757047  1.5396671749428066  0.1254004329443693
STOK513   2.7703287690815   7.6747214888006186  1.4905894308521128  0.14618800717546865
STOK721D   2.8804507452094583   8.296996495577723  1.5777005079612794  0.07695997533137222
STOK513D   2.8404906244571935   8.068386987629216  1.5616026658750821  0.1023927600708554
TV1   2.772393625535823   7.686166414911664  1.5102958695320616  0.14491476029805928
TV2   2.740346325164024   7.50949798183997  1.5149513308461875  0.1645691056876929
TV3   2.748020219582541   7.551615127234476  1.5124377859668494  0.15988357750353177
TV4   2.910378161427097   8.470301042511771  1.5756531174748145  0.05767986193582619
TV5   2.6995451645721737   7.287544095565004  1.5028677099452123  0.18926145318618093
TV6   2.702838150374705   7.305334067120956  1.474505310372915  0.18728232064193873
COMP0   2.998213635991526   8.989285007045526  1.651813520970754  -5.705185956816905e-05
COMP1   2.615959472668676   6.843243962644977  1.4622565481666223  0.2386897982348214
COMP2   2.659200853132055   7.0713491772982495  1.487075544573227  0.21331311607365344
COMP3   2.7411712571441806   7.5140198609934075  1.5116326875483106  0.16406604708720263
