SDBB9L   2.833106916754645   8.026494801763011  1.5563232400755638  0.10705326153014538
SDBB9U   2.8330629140906893   8.026245475196028  1.537378399069671  0.10708099908561619
SDKC7U   2.815117061847278   7.924884071903651  1.5392333147001793  0.11835744499532741
SDKC7L   2.8077416705602163   7.883413288600274  1.5426816270884156  0.12297106546193581
ROC14   2.84805035433302   8.11139082081644  1.5737040200407648  0.09760858795903904
ROC9   2.888512747459625   8.34350589223675  1.5987517610074544  0.07178580963630998
ATR5   2.985708132949495   8.914453055160761  1.64160148322346  0.008267995252423499
ATR2   2.9890387554871336   8.934352681804073  1.6485009926164562  0.006054163792144074
RSI14   2.640275529863888   6.9710548735980336  1.455140135787461  0.2244708472611877
RSI14Avg   2.7770342099488645   7.711919003226314  1.5265814315522341  0.14204978744120633
RSIH14   2.704279713398672   7.3131287682996025  1.4990840870766526  0.18641516092070032
RSIL14   2.71083780983543   7.348641631233351  1.486517785974342  0.18246435849528142
RSI9   2.6008937981239773   6.7646485491197685  1.453181779580712  0.24743353007535152
RSI9Avg   2.6500766909888602   7.022906468122467  1.4592793776576016  0.21870236259153064
RSIH9   2.6908452644238925   7.240648237072488  1.5331858890836265  0.1944786127213043
RSIL9   2.692056357686161   7.247167432958481  1.4992686977389478  0.19375335283543682
STOK721   2.8040298886274857   7.86258361631627  1.534335963035289  0.12528836440609148
STOK513   2.7699379414226537   7.672556199332768  1.491499561106612  0.14642889541073345
STOK721D   2.880839826756125   8.299238107424259  1.5772342851415189  0.07671059623916376
STOK513D   2.8412235902531373   8.072551489810927  1.5666096830319596  0.10192945962248356
TV1   2.7710546630559545   7.6787439456441495  1.5148620538439468  0.14574050925666615
TV2   2.7391674201495944   7.5030381556089845  1.5094662764828022  0.16528776070541906
TV3   2.7491688130803036   7.557929162813365  1.5173377919158886  0.1591811416811708
TV4   2.9149393154302543   8.496871212641  1.5828348149577183  0.054723933184427476
TV5   2.70308682151991   7.306678364674611  1.5132836428404535  0.18713276767445852
TV6   2.7042549400830778   7.312994780963731  1.4789925859748416  0.18643006699832432
COMP0   2.616377132308758   6.845429298468201  1.45990193316146  0.2384466798445396
COMP1   2.617363099670211   6.850589595515254  1.46724878879518  0.23787259731767008
COMP2   2.6239297184265595   6.885007167242084  1.4503731548627194  0.23404364592873084
COMP3   2.74033992473778   7.509462903111863  1.507601961188801  0.16457300819266252
